UNITS=INCH
#Layer_Color=16776960
#
#Feature symbol names
#
$0 r3.937
$1 r1.9685
$2 r5.9055

#
#Feature attribute names
#

#
#Layer features
#
A 0.069685 0.3 0.069685 0.3 0.05 0.3 0 P 0 N
A 0.069685 0.4 0.069685 0.4 0.05 0.4 0 P 0 N
A 0.2598425 0.2913385 0.2598425 0.2913385 0.2401575 0.2913385 0 P 0 N
A 0.2598425 0.3779527 0.2598425 0.3779527 0.2401575 0.3779527 0 P 0 N
A 0.2598425 0.4645669 0.2598425 0.4645669 0.2401575 0.4645669 0 P 0 N
A 0.6692913 0.3425197 0.6692913 0.3425197 0.6496063 0.3425197 0 P 0 N
A 0.6725364 0.4055118 0.6725364 0.4055118 0.6528514 0.4055118 0 P 0 N
A 0.6811023 0.4685039 0.6811023 0.4685039 0.6614173 0.4685039 0 P 0 N
L 0.0956694 1.7549212 0.0956694 2.0009842 0 P 0
L 0.0956694 1.7549212 0.8043308 1.7549212 0 P 0
L 0.0956694 2.0009842 0.8043308 2.0009842 0 P 0
L 0.1062994 1.4251967 0.1062994 1.4960628 0 P 0
L 0.1062994 1.4251967 0.1377953 1.4251967 0 P 0
L 0.1062994 1.4960628 0.1377955 1.4960628 0 P 0
L 0.1084645 0.7797243 0.1084645 1.4627952 1 P 0
L 0.1084645 0.7797243 0.7915354 0.7797243 1 P 0
L 0.1084645 1.4627952 0.7915354 1.4627952 1 P 0
L 0.1141733 0.2677165 0.1141733 0.3385827 0 P 0
L 0.1141733 0.2677165 0.1456693 0.2677165 0 P 0
L 0.1141733 0.3385827 0.1456693 0.3385827 0 P 0
L 0.1377953 1.4251967 0.1377955 1.4960628 0 P 0
L 0.1417323 1.4251967 0.1417323 1.4960629 0 P 0
L 0.1417323 1.4251967 0.1732282 1.4251967 0 P 0
L 0.1417323 1.4960629 0.1732282 1.4960629 0 P 0
L 0.1456693 0.2677165 0.1456693 0.3385827 0 P 0
L 0.1732282 1.4251967 0.1732282 1.4960629 0 P 0
L 0.1889763 0.3188976 0.1889763 0.3503936 0 P 0
L 0.1889763 0.3188976 0.2598425 0.3188976 0 P 0
L 0.1889763 0.3503936 0.2598425 0.3503936 0 P 0
L 0.1889764 0.4055118 0.1889764 0.4370078 0 P 0
L 0.1889764 0.4055118 0.2598426 0.4055118 0 P 0
L 0.1889764 0.4370078 0.2598426 0.4370078 0 P 0
L 0.2007874 1.4803149 0.2007874 1.5511811 0 P 0
L 0.2007874 1.4803149 0.2322833 1.4803149 0 P 0
L 0.2007874 1.5511811 0.2322833 1.5511811 0 P 0
L 0.2322833 1.4803149 0.2322833 1.5511811 0 P 0
L 0.2598425 0.3188976 0.2598425 0.3503936 0 P 0
L 0.2598426 0.4055118 0.2598426 0.4370078 0 P 0
L 0.2698818 0.2830708 0.2698818 0.5665354 1 P 0
L 0.2698818 0.2830708 0.6301181 0.2830708 1 P 0
L 0.2698818 0.5665354 0.6301181 0.5665354 1 P 0
L 0.3330708 0.7405515 0.3330708 0.7720474 0 P 0
L 0.3330708 0.7405515 0.403937 0.7405515 0 P 0
L 0.3330708 0.7720474 0.403937 0.7720474 0 P 0
L 0.3448822 1.5133857 0.3448822 1.5842519 0 P 0
L 0.3448822 1.5133857 0.3763781 1.5133857 0 P 0
L 0.3448822 1.5842519 0.3763781 1.5842519 0 P 0
L 0.3464567 1.4803149 0.3464567 1.5118109 0 P 0
L 0.3464567 1.4803149 0.4173229 1.4803149 0 P 0
L 0.3464567 1.5118109 0.4173229 1.5118109 0 P 0
L 0.3763781 1.5133857 0.3763781 1.5842519 0 P 0
L 0.3803153 1.5133857 0.3803153 1.5842519 0 P 0
L 0.3803153 1.5133857 0.4118112 1.5133857 0 P 0
L 0.3803153 1.5842519 0.4118112 1.5842519 0 P 0
L 0.403937 0.7405515 0.403937 0.7720474 0 P 0
L 0.4118112 1.5133857 0.4118112 1.5842519 0 P 0
L 0.4157483 1.5133857 0.4157483 1.5842519 0 P 0
L 0.4157483 1.5133857 0.4472442 1.5133857 0 P 0
L 0.4157483 1.5842519 0.4472442 1.5842519 0 P 0
L 0.4173229 0.1464173 0.4173229 0.2172835 0 P 0
L 0.4173229 0.1464173 0.4488189 0.1464173 0 P 0
L 0.4173229 0.2172835 0.4488189 0.2172835 0 P 0
L 0.4173229 1.4803149 0.4173229 1.5118109 0 P 0
L 0.4370079 0.6811023 0.4370079 0.7519685 0 P 0
L 0.4370079 0.6811023 0.4685039 0.6811023 0 P 0
L 0.4370079 0.7519685 0.4685039 0.7519685 0 P 0
L 0.4472442 1.5133857 0.4472442 1.5842519 0 P 0
L 0.4488189 0.1464173 0.4488189 0.2172835 0 P 0
L 0.4511811 1.5133858 0.4511811 1.584252 0 P 0
L 0.4511811 1.5133858 0.482677 1.5133858 0 P 0
L 0.4511811 1.584252 0.482677 1.584252 0 P 0
L 0.4566929 0.1464173 0.4566929 0.2172835 0 P 0
L 0.4566929 0.1464173 0.4881889 0.1464173 0 P 0
L 0.4566929 0.2172835 0.4881889 0.2172835 0 P 0
L 0.4685039 0.6811023 0.4685039 0.7519685 0 P 0
L 0.472441 0.6811023 0.472441 0.7519685 0 P 0
L 0.472441 0.6811023 0.503937 0.6811023 0 P 0
L 0.472441 0.7519685 0.503937 0.7519685 0 P 0
L 0.482677 1.5133858 0.482677 1.584252 0 P 0
L 0.4881889 0.1464173 0.4881889 0.2172835 0 P 0
L 0.4905512 1.5133858 0.4905512 1.584252 0 P 0
L 0.4905512 1.5133858 0.5220472 1.5133858 0 P 0
L 0.4905512 1.584252 0.5220472 1.584252 0 P 0
L 0.503937 0.6811023 0.503937 0.7519685 0 P 0
L 0.507874 0.6811023 0.507874 0.7519685 0 P 0
L 0.507874 0.6811023 0.53937 0.6811023 0 P 0
L 0.507874 0.7519685 0.53937 0.7519685 0 P 0
L 0.5118111 0.1614173 0.5118111 0.2322835 0 P 0
L 0.5118111 0.1614173 0.5433071 0.1614173 0 P 0
L 0.5118111 0.2322835 0.5433071 0.2322835 0 P 0
L 0.519685 0.2362205 0.519685 0.2834645 0 P 0
L 0.519685 0.2362205 0.6377952 0.2362205 0 P 0
L 0.519685 0.2834645 0.6377952 0.2834645 0 P 0
L 0.5220472 1.5133858 0.5220472 1.584252 0 P 0
L 0.53937 0.6811023 0.53937 0.7519685 0 P 0
L 0.5433071 0.1614173 0.5433071 0.2322835 0 P 0
L 0.5433071 0.6811023 0.5433071 0.7519685 0 P 0
L 0.5433071 0.6811023 0.574803 0.6811023 0 P 0
L 0.5433071 0.7519685 0.574803 0.7519685 0 P 0
L 0.574803 0.6811023 0.574803 0.7519685 0 P 0
L 0.6301181 0.2830708 0.6301181 0.5665354 1 P 0
L 0.6377952 0.2362205 0.6377952 0.2834645 0 P 0
L 0.6377953 0.1692913 0.6377953 0.2401575 0 P 0
L 0.6377953 0.1692913 0.6692913 0.1692913 0 P 0
L 0.6377953 0.2401575 0.6692913 0.2401575 0 P 0
L 0.6496063 0.496063 0.6496063 0.5669292 0 P 0
L 0.6496063 0.496063 0.6811023 0.496063 0 P 0
L 0.6496063 0.5669292 0.6811023 0.5669292 0 P 0
L 0.6653544 0.5905511 0.6653544 0.6614173 0 P 0
L 0.6653544 0.5905511 0.6968504 0.5905511 0 P 0
L 0.6653544 0.6614173 0.6968504 0.6614173 0 P 0
L 0.6692913 0.1692913 0.6692913 0.2401575 0 P 0
L 0.6811023 0.496063 0.6811023 0.5669292 0 P 0
L 0.6811024 0.2874015 0.6811024 0.3582677 0 P 0
L 0.6811024 0.2874015 0.7125984 0.2874015 0 P 0
L 0.6811024 0.3582677 0.7125984 0.3582677 0 P 0
L 0.6834646 0.6992127 0.6834646 0.7700789 0 P 0
L 0.6834646 0.6992127 0.7149605 0.6992127 0 P 0
L 0.6834646 0.7700789 0.7149605 0.7700789 0 P 0
L 0.6968504 0.5905511 0.6968504 0.6614173 0 P 0
L 0.7007874 0.515748 0.7007874 0.5866142 0 P 0
L 0.7007874 0.515748 0.7322834 0.515748 0 P 0
L 0.7007874 0.5866142 0.7322834 0.5866142 0 P 0
L 0.7007874 0.590551 0.7007874 0.6614173 0 P 0
L 0.7007874 0.590551 0.7322834 0.590551 0 P 0
L 0.7007874 0.6614173 0.7322834 0.6614173 0 P 0
L 0.7125984 0.2874015 0.7125984 0.3582677 0 P 0
L 0.7149605 0.6992127 0.7149605 0.7700789 0 P 0
L 0.7188977 0.6992127 0.7188977 0.7700789 0 P 0
L 0.7188977 0.6992127 0.7503937 0.6992127 0 P 0
L 0.7188977 0.7700789 0.7503937 0.7700789 0 P 0
L 0.7322834 0.515748 0.7322834 0.5866142 0 P 0
L 0.7322834 0.590551 0.7322834 0.6614173 0 P 0
L 0.7362205 0.515748 0.7362205 0.5866142 0 P 0
L 0.7362205 0.515748 0.7677165 0.515748 0 P 0
L 0.7362205 0.5866142 0.7677165 0.5866142 0 P 0
L 0.7362206 0.590551 0.7362206 0.6614173 0 P 0
L 0.7362206 0.590551 0.7677165 0.590551 0 P 0
L 0.7362206 0.6614173 0.7677165 0.6614173 0 P 0
L 0.7503937 0.6992127 0.7503937 0.7700789 0 P 0
L 0.7543308 0.6992127 0.7543308 0.7700789 0 P 0
L 0.7543308 0.6992127 0.7858268 0.6992127 0 P 0
L 0.7543308 0.7700789 0.7858268 0.7700789 0 P 0
L 0.7677165 0.515748 0.7677165 0.5866142 0 P 0
L 0.7677165 0.590551 0.7677165 0.6614173 0 P 0
L 0.7858268 0.6992127 0.7858268 0.7700789 0 P 0
L 0.7915354 0.7797243 0.7915354 1.4627952 1 P 0
L 0.7948819 0.1988187 0.7948819 1.8051179 2 P 0
L 0.7948819 0.1988187 0.9051181 0.1988187 2 P 0
L 0.7948819 1.8051179 0.9051181 1.8051179 2 P 0
L 0.8043308 1.7549212 0.8043308 2.0009842 0 P 0
L 0.9051181 0.1988187 0.9051181 1.8051179 2 P 0
