UNITS=INCH
#Layer_Color=32768
#
#Feature symbol names
#
$0 r5.9055
$1 r3.937
$2 r1.9685

#
#Feature attribute names
#

#
#Layer features
#
L 0.0047244 0.2557087 0.0047244 0.5942914 0 P 0
L 0.0047244 0.2557087 0.3787402 0.2557087 0 P 0
L 0.0047244 0.5942914 0.3787402 0.5942914 0 P 0
L 0.1062992 1.7204724 0.1062992 1.7519684 1 P 0
L 0.1062992 1.7204724 0.1771654 1.7204724 1 P 0
L 0.1062992 1.7519684 0.1771654 1.7519684 1 P 0
L 0.1062992 1.7559056 0.1062992 1.7874015 1 P 0
L 0.1062992 1.7559056 0.1771654 1.7559056 1 P 0
L 0.1062992 1.7874015 0.1771654 1.7874015 1 P 0
L 0.1062992 1.9251968 0.1062992 1.996063 1 P 0
L 0.1062992 1.9251968 0.1377952 1.9251968 1 P 0
L 0.1062992 1.996063 0.1377952 1.996063 1 P 0
L 0.1141732 1.2637795 0.1141732 1.2952755 1 P 0
L 0.1141732 1.2637795 0.1850394 1.2637795 1 P 0
L 0.1141732 1.2952755 0.1850394 1.2952755 1 P 0
L 0.1141732 1.2992127 0.1141732 1.3307086 1 P 0
L 0.1141732 1.2992127 0.1850394 1.2992127 1 P 0
L 0.1141732 1.3307086 0.1850394 1.3307086 1 P 0
L 0.1141733 1.1929133 0.1141733 1.2637796 1 P 0
L 0.1141733 1.1929133 0.1456693 1.1929133 1 P 0
L 0.1141733 1.2637796 0.1456693 1.2637796 1 P 0
L 0.1145669 1.3342521 0.1145669 1.365748 1 P 0
L 0.1145669 1.3342521 0.1854331 1.3342521 1 P 0
L 0.1145669 1.365748 0.1854331 1.365748 1 P 0
L 0.1145669 1.3692521 0.1145669 1.400748 1 P 0
L 0.1145669 1.3692521 0.1854331 1.3692521 1 P 0
L 0.1145669 1.400748 0.1854331 1.400748 1 P 0
L 0.1220473 1.8070866 0.1220473 1.9251968 1 P 0
L 0.1220473 1.8070866 0.1692913 1.8070866 1 P 0
L 0.1220473 1.9251968 0.1692913 1.9251968 1 P 0
L 0.1245669 0.854252 0.1245669 0.885748 1 P 0
L 0.1245669 0.854252 0.1954332 0.854252 1 P 0
L 0.1245669 0.885748 0.1954332 0.885748 1 P 0
L 0.1377952 1.9251968 0.1377952 1.996063 1 P 0
L 0.1417323 1.9330708 0.1417323 1.996063 1 P 0
L 0.1417323 1.9330708 0.1811023 1.9330708 1 P 0
L 0.1417323 1.996063 0.1811023 1.996063 1 P 0
L 0.1456693 1.1929133 0.1456693 1.2637796 1 P 0
L 0.1614172 0.6338583 0.1614172 0.6653543 1 P 0
L 0.1614172 0.6338583 0.2322835 0.6338583 1 P 0
L 0.1614172 0.6653543 0.2322835 0.6653543 1 P 0
L 0.1614172 0.6692914 0.1614172 0.7007874 1 P 0
L 0.1614172 0.6692914 0.2322835 0.6692914 1 P 0
L 0.1614172 0.7007874 0.2322835 0.7007874 1 P 0
L 0.1614172 0.7086615 0.1614172 0.7401575 1 P 0
L 0.1614172 0.7086615 0.2322834 0.7086615 1 P 0
L 0.1614172 0.7401575 0.2322834 0.7401575 1 P 0
L 0.1614172 0.7440945 0.1614172 0.7755904 1 P 0
L 0.1614172 0.7440945 0.2322834 0.7440945 1 P 0
L 0.1614172 0.7755904 0.2322834 0.7755904 1 P 0
L 0.1614172 0.7795276 0.1614172 0.8110236 1 P 0
L 0.1614172 0.7795276 0.2322834 0.7795276 1 P 0
L 0.1614172 0.8110236 0.2322834 0.8110236 1 P 0
L 0.1614172 0.8149607 0.1614172 0.8464567 1 P 0
L 0.1614172 0.8149607 0.2322834 0.8149607 1 P 0
L 0.1614172 0.8464567 0.2322834 0.8464567 1 P 0
L 0.1692913 1.8070866 0.1692913 1.9251968 1 P 0
L 0.1692914 1.075866 0.1692914 1.1467323 1 P 0
L 0.1692914 1.075866 0.2007874 1.075866 1 P 0
L 0.1692914 1.1467323 0.2007874 1.1467323 1 P 0
L 0.1771654 1.7204724 0.1771654 1.7519684 1 P 0
L 0.1771654 1.7559056 0.1771654 1.7874015 1 P 0
L 0.180315 1.5474409 0.180315 2.2206693 1 P 0
L 0.180315 1.5474409 0.719685 1.5474409 1 P 0
L 0.180315 2.2206693 0.719685 2.2206693 1 P 0
L 0.1811023 1.9330708 0.1811023 1.996063 1 P 0
L 0.1850394 1.2637795 0.1850394 1.2952755 1 P 0
L 0.1850394 1.2992127 0.1850394 1.3307086 1 P 0
L 0.1854331 1.3342521 0.1854331 1.365748 1 P 0
L 0.1854331 1.3692521 0.1854331 1.400748 1 P 0
L 0.18937 1.1637796 0.18937 1.2582679 1 P 0
L 0.18937 1.1637796 0.2484252 1.1637796 1 P 0
L 0.18937 1.2582679 0.2484252 1.2582677 1 P 0
L 0.1954332 0.854252 0.1954332 0.885748 1 P 0
L 0.2007874 1.075866 0.2007874 1.1467323 1 P 0
L 0.2031495 1.0043307 0.2031496 1.098819 1 P 0
L 0.2031495 1.0043307 0.3212597 1.0043308 1 P 0
L 0.2031496 1.098819 0.3212598 1.098819 1 P 0
L 0.203937 -0.0822834 0.203937 0.2896655 0 P 0
L 0.203937 -0.0822834 0.696063 -0.0822834 0 P 0
L 0.203937 0.2896655 0.696063 0.2896655 0 P 0
L 0.2086614 0.8661418 0.2086614 0.992126 0 P 0
L 0.2086614 0.8661418 0.4055118 0.8661418 0 P 0
L 0.2086614 0.992126 0.4055118 0.992126 0 P 0
L 0.2086614 1.2598425 0.2086614 1.3307087 1 P 0
L 0.2086614 1.2598425 0.2401573 1.2598425 1 P 0
L 0.2086614 1.3307087 0.2401573 1.3307086 1 P 0
L 0.2267717 0.0843505 0.2267717 0.1473427 1 P 0
L 0.2267717 0.0843505 0.2661417 0.0843505 1 P 0
L 0.2267717 0.1473427 0.2661417 0.1473427 1 P 0
L 0.2322834 0.7086615 0.2322834 0.7401575 1 P 0
L 0.2322834 0.7440945 0.2322834 0.7755904 1 P 0
L 0.2322834 0.7795276 0.2322834 0.8110236 1 P 0
L 0.2322834 0.8149607 0.2322834 0.8464567 1 P 0
L 0.2322835 0.6338583 0.2322835 0.6653543 1 P 0
L 0.2322835 0.6692914 0.2322835 0.7007874 1 P 0
L 0.2362205 0.680118 0.2362205 0.7765747 2 P 0
L 0.2362205 0.680118 0.3149606 0.680118 2 P 0
L 0.2362205 0.7765747 0.3149606 0.7765747 2 P 0
L 0.2381889 0.7814961 0.2381889 0.8129922 1 P 0
L 0.2381889 0.7814961 0.3090551 0.7814961 1 P 0
L 0.2381889 0.8129922 0.3090551 0.812992 1 P 0
L 0.238189 0.7814959 0.238189 0.8523622 1 P 0
L 0.238189 0.7814959 0.269685 0.7814959 1 P 0
L 0.238189 0.8523622 0.269685 0.8523622 1 P 0
L 0.2401573 1.2598425 0.2401573 1.3307086 1 P 0
L 0.2401575 1.1062993 0.2401575 1.1377953 1 P 0
L 0.2401575 1.1062993 0.3110237 1.1062993 1 P 0
L 0.2401575 1.1377953 0.3110237 1.1377953 1 P 0
L 0.2480314 0.6102363 0.2480314 0.6417323 1 P 0
L 0.2480314 0.6102363 0.3188976 0.6102363 1 P 0
L 0.2480314 0.6417323 0.3188976 0.6417323 1 P 0
L 0.2480314 0.6456693 0.2480314 0.6771653 1 P 0
L 0.2480314 0.6456693 0.3188976 0.6456693 1 P 0
L 0.2480314 0.6771653 0.3188976 0.6771653 1 P 0
L 0.2484252 1.1637796 0.2484252 1.2582677 1 P 0
L 0.2661417 0.0843505 0.2661417 0.1473427 1 P 0
L 0.269685 0.7814959 0.269685 0.8523622 1 P 0
L 0.2755906 1.1456693 0.2755906 1.2165355 1 P 0
L 0.2755906 1.1456693 0.3070866 1.1456693 1 P 0
L 0.2755906 1.2165355 0.3070866 1.2165355 1 P 0
L 0.3070866 1.1456693 0.3070866 1.2165355 1 P 0
L 0.3090551 0.7814961 0.3090551 0.812992 1 P 0
L 0.3110237 1.1062993 0.3110237 1.1377953 1 P 0
L 0.3149606 0.680118 0.3149606 0.7765747 2 P 0
L 0.3151574 1.0791337 0.3151574 1.3350393 1 P 0
L 0.3151574 1.0791337 0.5848424 1.0791337 1 P 0
L 0.3151574 1.3350393 0.5848424 1.3350393 1 P 0
L 0.3188975 0.7440945 0.3188975 0.8228346 1 P 0
L 0.3188975 0.7440945 0.4133857 0.7440945 1 P 0
L 0.3188975 0.8228346 0.4133857 0.8228346 1 P 0
L 0.3188976 0.6102363 0.3188976 0.6417323 1 P 0
L 0.3188976 0.6456693 0.3188976 0.6771653 1 P 0
L 0.3212597 1.0043308 0.3212598 1.098819 1 P 0
L 0.3228345 0.6889762 0.3228346 0.6417323 1 P 0
L 0.3228345 0.6889762 0.4409448 0.6889764 1 P 0
L 0.3228345 0.7401573 0.3228346 0.6929134 1 P 0
L 0.3228345 0.7401573 0.4409448 0.7401575 1 P 0
L 0.3228346 0.6417323 0.4409448 0.6417323 1 P 0
L 0.3228346 0.6929134 0.4409448 0.6929134 1 P 0
L 0.3787402 0.2557087 0.3787402 0.5942914 0 P 0
L 0.3818897 0.4448819 0.3818897 0.5157482 1 P 0
L 0.3818897 0.4448819 0.4133857 0.4448819 1 P 0
L 0.3818897 0.5157482 0.4133857 0.5157482 1 P 0
L 0.3818898 0.523622 0.3818898 0.5944882 1 P 0
L 0.3818898 0.523622 0.4133858 0.523622 1 P 0
L 0.3818898 0.5944882 0.4133858 0.5944882 1 P 0
L 0.4055118 0.8661418 0.4055118 0.992126 0 P 0
L 0.409252 0.8645669 0.409252 0.9354331 1 P 0
L 0.409252 0.8645669 0.440748 0.8645669 1 P 0
L 0.409252 0.9354331 0.440748 0.9354331 1 P 0
L 0.4094488 1.3346457 0.4094488 1.3661417 1 P 0
L 0.4094488 1.3346457 0.4803151 1.3346457 1 P 0
L 0.4094488 1.3661417 0.4803151 1.3661417 1 P 0
L 0.4133857 0.4448819 0.4133857 0.5157482 1 P 0
L 0.4133857 0.7440945 0.4133857 0.8228346 1 P 0
L 0.4133858 0.523622 0.4133858 0.5944882 1 P 0
L 0.4173229 0.523622 0.4173229 0.5944883 1 P 0
L 0.4173229 0.523622 0.4488189 0.523622 1 P 0
L 0.4173229 0.5944883 0.4488189 0.5944883 1 P 0
L 0.425197 0.4015749 0.425197 0.5196851 1 P 0
L 0.425197 0.4015749 0.4724411 0.4015748 1 P 0
L 0.425197 0.5196851 0.4724409 0.5196853 1 P 0
L 0.440748 0.8645669 0.440748 0.9354331 1 P 0
L 0.4409448 0.6417323 0.4409448 0.6889764 1 P 0
L 0.4409448 0.6929134 0.4409448 0.7401575 1 P 0
L 0.4409448 0.8661419 0.4409449 0.9921261 0 P 0
L 0.4409448 0.8661419 0.6377953 0.8661418 0 P 0
L 0.4409449 0.9921261 0.6377953 0.992126 0 P 0
L 0.4448818 0.3858266 0.4448819 0.3385827 1 P 0
L 0.4448818 0.3858266 0.5629922 0.3858266 1 P 0
L 0.4448819 0.3385827 0.5629921 0.3385827 1 P 0
L 0.4488189 0.523622 0.4488189 0.5944882 1 P 0
L 0.4488189 0.523622 0.4488189 0.5944883 1 P 0
L 0.4488189 0.523622 0.4803148 0.523622 1 P 0
L 0.4488189 0.5944882 0.4803148 0.5944882 1 P 0
L 0.4586614 0.6338583 0.4586614 0.6653543 1 P 0
L 0.4586614 0.6338583 0.5295277 0.6338583 1 P 0
L 0.4586614 0.6653543 0.5295277 0.6653543 1 P 0
L 0.4586614 0.6692914 0.4586614 0.7007873 1 P 0
L 0.4586614 0.6692914 0.5295276 0.6692914 1 P 0
L 0.4586614 0.7007873 0.5295276 0.7007873 1 P 0
L 0.4586614 0.7086615 0.4586614 0.7401575 1 P 0
L 0.4586614 0.7086615 0.5295276 0.7086615 1 P 0
L 0.4586614 0.7401575 0.5295276 0.7401575 1 P 0
L 0.4586614 0.7440945 0.4586614 0.7755904 1 P 0
L 0.4586614 0.7440945 0.5295276 0.7440945 1 P 0
L 0.4586614 0.7755904 0.5295276 0.7755904 1 P 0
L 0.4724409 0.5196853 0.4724411 0.4015748 1 P 0
L 0.4803148 0.523622 0.4803148 0.5944882 1 P 0
L 0.4803151 1.3346457 0.4803151 1.3661417 1 P 0
L 0.484252 0.523622 0.484252 0.5944882 1 P 0
L 0.484252 0.523622 0.515748 0.523622 1 P 0
L 0.484252 0.5944882 0.515748 0.5944882 1 P 0
L 0.515748 0.523622 0.515748 0.5944882 1 P 0
L 0.5192125 0.4076379 0.5192125 0.5729922 2 P 0
L 0.5192125 0.4076379 0.6845668 0.4076379 2 P 0
L 0.5192125 0.5729922 0.6845668 0.5729922 2 P 0
L 0.5236221 0.7795274 0.5236221 0.8503937 1 P 0
L 0.5236221 0.7795274 0.5551181 0.7795274 1 P 0
L 0.5236221 0.8503937 0.5551181 0.8503937 1 P 0
L 0.5295276 0.6692914 0.5295276 0.7007873 1 P 0
L 0.5295276 0.7086615 0.5295276 0.7401575 1 P 0
L 0.5295276 0.7440945 0.5295276 0.7755904 1 P 0
L 0.5295277 0.6338583 0.5295277 0.6653543 1 P 0
L 0.5334647 0.680118 0.5334647 0.7765747 2 P 0
L 0.5334647 0.680118 0.6122048 0.680118 2 P 0
L 0.5334647 0.7765747 0.6122048 0.7765747 2 P 0
L 0.5452756 0.6062993 0.5452756 0.6377953 1 P 0
L 0.5452756 0.6062993 0.6161418 0.6062993 1 P 0
L 0.5452756 0.6377953 0.6161418 0.6377953 1 P 0
L 0.5452756 0.6417323 0.5452756 0.6732282 1 P 0
L 0.5452756 0.6417323 0.6161418 0.6417323 1 P 0
L 0.5452756 0.6732282 0.6161418 0.6732282 1 P 0
L 0.5472441 1.4685039 0.5472441 1.5393703 1 P 0
L 0.5472441 1.4685039 0.57874 1.4685039 1 P 0
L 0.5472441 1.5393703 0.57874 1.5393702 1 P 0
L 0.5551181 0.7795274 0.5551181 0.8503937 1 P 0
L 0.5590552 0.7795275 0.5590552 0.8503937 1 P 0
L 0.5590552 0.7795275 0.5905512 0.7795275 1 P 0
L 0.5590552 0.8503937 0.5905512 0.8503937 1 P 0
L 0.5629921 0.3385827 0.5629922 0.3858266 1 P 0
L 0.5708661 0.3582679 0.5708662 0.4055118 1 P 0
L 0.5708661 0.3582679 0.6889765 0.3582679 1 P 0
L 0.5708662 0.4055118 0.6889764 0.4055118 1 P 0
L 0.57874 1.4685039 0.57874 1.5393702 1 P 0
L 0.5826772 1.4685039 0.5826772 1.5393701 1 P 0
L 0.5826772 1.4685039 0.6141732 1.4685039 1 P 0
L 0.5826772 1.5393701 0.6141732 1.5393701 1 P 0
L 0.5848424 1.0791337 0.5848424 1.3350393 1 P 0
L 0.5905512 0.7795275 0.5905512 0.8503937 1 P 0
L 0.5944883 1.1141731 0.5944883 1.1850394 1 P 0
L 0.5944883 1.1141731 0.6259842 1.1141731 1 P 0
L 0.5944883 1.1850394 0.6259842 1.1850394 1 P 0
L 0.6062992 0.2598426 0.6062992 0.3543308 1 P 0
L 0.6062992 0.2598426 0.7244095 0.2598426 1 P 0
L 0.6062992 0.3543308 0.7244095 0.3543308 1 P 0
L 0.6122048 0.680118 0.6122048 0.7765747 2 P 0
L 0.6141732 1.4685039 0.6141732 1.5393701 1 P 0
L 0.6161416 0.7440946 0.6161416 0.8228347 1 P 0
L 0.6161416 0.7440946 0.7106299 0.7440945 1 P 0
L 0.6161416 0.8228347 0.7106299 0.8228346 1 P 0
L 0.6161418 0.6062993 0.6161418 0.6377953 1 P 0
L 0.6161418 0.6417323 0.6161418 0.6732282 1 P 0
L 0.6259842 1.1141731 0.6259842 1.1850394 1 P 0
L 0.6279527 0.6889762 0.6279528 0.6417323 1 P 0
L 0.6279527 0.6889762 0.746063 0.6889764 1 P 0
L 0.6279527 0.7401573 0.6279528 0.6929134 1 P 0
L 0.6279527 0.7401573 0.746063 0.7401575 1 P 0
L 0.6279528 0.6417323 0.746063 0.6417323 1 P 0
L 0.6279528 0.6929134 0.746063 0.6929134 1 P 0
L 0.6338582 0.1473428 0.6338583 0.0843506 1 P 0
L 0.6338582 0.1473428 0.6732282 0.1473429 1 P 0
L 0.6338583 0.0843506 0.6732283 0.0843506 1 P 0
L 0.6377953 0.8661418 0.6377953 0.992126 0 P 0
L 0.6488189 0.8747637 0.6488189 1.0322441 1 P 0
L 0.6488189 0.8747637 0.7511811 0.8747637 1 P 0
L 0.6488189 1.0322441 0.7511811 1.0322441 1 P 0
L 0.6732282 0.1473429 0.6732283 0.0843506 1 P 0
L 0.6845668 0.4076379 0.6845668 0.5729922 2 P 0
L 0.6889764 0.4055118 0.6889765 0.3582679 1 P 0
L 0.6929134 0.488189 0.6929134 0.5590553 1 P 0
L 0.6929134 0.488189 0.7244094 0.488189 1 P 0
L 0.6929134 0.5590553 0.7244094 0.5590553 1 P 0
L 0.696063 -0.0822834 0.696063 0.2896655 0 P 0
L 0.7106299 0.7440945 0.7106299 0.8228346 1 P 0
L 0.7165354 1.0433071 0.7165354 1.0748031 1 P 0
L 0.7165354 1.0433071 0.7874016 1.0433071 1 P 0
L 0.7165354 1.0748031 0.7874016 1.0748031 1 P 0
L 0.7165354 1.0787401 0.7165354 1.1102361 1 P 0
L 0.7165354 1.0787401 0.7874017 1.0787401 1 P 0
L 0.7165354 1.1102361 0.7874017 1.1102361 1 P 0
L 0.7165354 1.1141733 0.7165354 1.1456692 1 P 0
L 0.7165354 1.1141733 0.7874016 1.1141733 1 P 0
L 0.7165354 1.1456692 0.7874016 1.1456692 1 P 0
L 0.7165354 1.1496063 0.7165354 1.1811023 1 P 0
L 0.7165354 1.1496063 0.7874016 1.1496063 1 P 0
L 0.7165354 1.1811023 0.7874016 1.1811023 1 P 0
L 0.7165354 1.1850394 0.7165354 1.2165354 1 P 0
L 0.7165354 1.1850394 0.7874016 1.1850394 1 P 0
L 0.7165354 1.2165354 0.7874016 1.2165354 1 P 0
L 0.7165354 1.3740158 0.7165354 1.4055117 1 P 0
L 0.7165354 1.3740158 0.7874016 1.3740158 1 P 0
L 0.7165354 1.4055117 0.7874016 1.4055117 1 P 0
L 0.719685 1.5474409 0.719685 2.2206693 1 P 0
L 0.7204725 1.9330708 0.7204725 1.996063 1 P 0
L 0.7204725 1.9330708 0.7598425 1.9330708 1 P 0
L 0.7204725 1.996063 0.7598425 1.996063 1 P 0
L 0.724252 1.8645669 0.724252 1.9354331 1 P 0
L 0.724252 1.8645669 0.755748 1.8645669 1 P 0
L 0.724252 1.9354331 0.755748 1.9354331 1 P 0
L 0.7244094 0.488189 0.7244094 0.5590553 1 P 0
L 0.7244095 0.2598426 0.7244095 0.3543308 1 P 0
L 0.7244095 1.6574802 0.7244095 1.7283465 1 P 0
L 0.7244095 1.6574802 0.7559055 1.6574802 1 P 0
L 0.7244095 1.7283465 0.7559055 1.7283465 1 P 0
L 0.7283465 0.4881889 0.7283465 0.5590551 1 P 0
L 0.7283465 0.4881889 0.7598425 0.4881889 1 P 0
L 0.7283465 0.5590551 0.7598425 0.5590551 1 P 0
L 0.7322835 0.2913388 0.7322836 0.409449 1 P 0
L 0.7322835 0.2913388 0.7795275 0.2913387 1 P 0
L 0.7322836 0.409449 0.7795275 0.4094489 1 P 0
L 0.746063 0.6417323 0.746063 0.6889764 1 P 0
L 0.746063 0.6929134 0.746063 0.7401575 1 P 0
L 0.7480315 1.2952755 0.7480315 1.3661418 1 P 0
L 0.7480315 1.2952755 0.7795275 1.2952755 1 P 0
L 0.7480315 1.3661418 0.7795275 1.3661418 1 P 0
L 0.7511811 0.8747637 0.7511811 1.0322441 1 P 0
L 0.755748 1.8645669 0.755748 1.9354331 1 P 0
L 0.7559055 0.9212598 0.7559055 0.992126 1 P 0
L 0.7559055 0.9212598 0.7874014 0.9212598 1 P 0
L 0.7559055 0.992126 0.7874014 0.992126 1 P 0
L 0.7559055 1.6574802 0.7559055 1.7283465 1 P 0
L 0.7598425 0.4881889 0.7598425 0.5590551 1 P 0
L 0.7598425 1.9330708 0.7598425 1.996063 1 P 0
L 0.7598426 1.6574802 0.7598427 1.7283465 1 P 0
L 0.7598426 1.6574802 0.7913386 1.6574803 1 P 0
L 0.7598427 1.7283465 0.7913386 1.7283465 1 P 0
L 0.7795275 0.2913387 0.7795275 0.4094489 1 P 0
L 0.7795275 1.2952755 0.7795275 1.3661418 1 P 0
L 0.7874014 0.9212598 0.7874014 0.992126 1 P 0
L 0.7874016 1.0433071 0.7874016 1.0748031 1 P 0
L 0.7874016 1.1141733 0.7874016 1.1456692 1 P 0
L 0.7874016 1.1496063 0.7874016 1.1811023 1 P 0
L 0.7874016 1.1850394 0.7874016 1.2165354 1 P 0
L 0.7874016 1.3740158 0.7874016 1.4055117 1 P 0
L 0.7874017 1.0787401 0.7874017 1.1102361 1 P 0
L 0.7913386 1.6574803 0.7913386 1.7283465 1 P 0
